201 405
0 -2880262 4325532
1 -2885314 4325463
2 -2890345 4325393
3 -2892322 4325366
4 -2892979 4325357
5 -2892979 4325357
6 -2895312 4325324
7 -2897617 4325293
8 -2903219 4325215
9 -2906120 4325175
10 -290352 4325211
11 -2902650 4325223
12 -2904394 4325199
13 -2908061 4325148
14 -2908061 4325148
15 -2911605 4325099
16 -2911605 4325099
17 -2912543 4325086
18 -2918222 4325007
19 -2922552 4324948
20 -2918257 4325008
21 -2921164 4324967
22 -2930627 4324839
23 -2928924 4324862
24 -2928924 4324862
25 -2954621 4324505
26 -2944175 4324650
27 -2944175 4324650
28 -2921952 4324956
29 -2927432 4324879
30 -2929583 4324850
31 -2908005 4325148
32 -2941774 4324682
33 -2923113 4324940
34 -2935285 4324772
35 -2911894 4325096
36 -2925475 4324907
37 -2911894 4325096
38 -2923528 4324934
39 -2906174 4325174
40 -2942283 4324675
41 -2942386 4324673
42 -2929334 4324854
43 -2929334 4324854
44 -2917569 4325017
45 -2909585 4325126
46 -2937276 4324744
47 -2921435 4324963
48 -2920232 4324979
49 -2929660 4324848
50 -2931750 4324821
51 -2883724 4325485
52 -2884191 4325478
53 -2888604 4325417
54 -2888604 4325417
55 -2888604 4325417
56 -2888604 4325417
57 -2891564 4325377
58 -2892979 4325357
59 -2892979 4325357
60 -2896483 4325309
61 -2896483 4325309
62 -2897732 4325291
63 -2900084 4325259
64 -2906845 4325165
65 -2906845 4325165
66 -2908061 4325148
67 -2906845 4325165
68 -2906845 4325165
69 -2905315 4325186
70 -2905315 4325186
71 -2905315 4325186
72 -2905178 4325188
73 -2905178 4325188
74 -2905178 4325188
75 -2908061 4325148
76 -2908061 4325148
77 -2905449 4325184
78 -2911605 4325099
79 -2911605 4325099
80 -2914724 4325056
81 -2914724 4325056
82 -2915916 4325039
83 -2915916 4325039
84 -2915916 4325039
85 -2915916 4325039
86 -2915916 4325039
87 -2915916 4325039
88 -2922552 4324948
89 -2915916 4325039
90 -2915916 4325039
91 -2915916 4325039
92 -2915916 4325039
93 -2908105 4325147
94 -2913504 4325072
95 -2913504 4325072
96 -2918222 4325007
97 -2918222 4325007
98 -2918222 4325007
99 -2922552 4324948
100 -2918222 4325007
101 -2918222 4325007
102 -2907628 4325153
103 -2907628 4325153
104 -2907628 4325153
105 -2907628 4325153
106 -2912700 4325084
107 -2912700 4325084
108 -2904687 4325195
109 -2909829 4325124
110 -2915663 4325043
111 -2915663 4325043
112 -2912828 4325083
113 -2912828 4325083
114 -2923594 4324934
115 -2923594 4324934
116 -2922552 4324948
117 -2923594 4324934
118 -2929313 4324855
119 -2929313 4324855
120 -2933852 4324792
121 -2933852 4324792
122 -2930732 4324835
123 -2930732 4324835
124 -2930732 4324835
125 -2937953 4324735
126 -2937953 4324735
127 -2937953 4324735
128 -2926544 4324894
129 -2926544 4324894
130 -2926544 4324894
131 -2926544 4324894
132 -2926880 4324890
133 -2926880 4324890
134 -2926880 4324890
135 -2928255 4324871
136 -2928255 4324871
137 -2928482 4324868
138 -2928482 4324868
139 -2928967 4324862
140 -2928967 4324862
141 -2928967 4324862
142 -2928967 4324862
143 -2930627 4324839
144 -2930627 4324839
145 -2930627 4324839
146 -2934515 4324783
147 -2934515 4324783
148 -2942273 4324676
149 -2942273 4324676
150 -2942273 4324676
151 -2940656 4324698
152 -2940656 4324698
153 -2950287 4324565
154 -2950287 4324565
155 -2953276 4324524
156 -2953276 4324524
157 -2953276 4324524
158 -2953802 4324517
159 -2953802 4324517
160 -2906174 4325174
161 -2880545 4325528
162 -2880545 4325528
163 -2884966 4325467
164 -2892907 4325357
165 -2900259 4325255
166 -2908354 4325143
167 -2913374 4325073
168 -2920966 4324968
169 -2920966 4324968
170 -2924032 4324927
171 -2924032 4324927
172 -2928580 4324864
173 -2928580 4324864
174 -2928580 4324864
175 -2936444 4324755
176 -2936444 4324755
177 -2936444 4324755
178 -2936444 4324755
179 -2936444 4324755
180 -2936444 4324755
181 -2936444 4324755
182 -2936444 4324755
183 -2936444 4324755
184 -2936444 4324755
185 -2936444 4324755
186 -2936444 4324755
187 -2936444 4324755
188	-2937795 4324737
189 -2937795 4324737
190 -2937795 4324737
191 -2937795 4324737
192 -2937795 4324737
193 -2937795 4324737
194 -2925252 4324910
195 -2920219 4324979
196 -2920219 4324979
197 -2918322 4325005
198 -2919060 4324995
199 -2919060 4324995
200 -2919060 4324995
0	161
0	51
0	162
1	51
1	54
2	54
2	56
2	57
2	62
2	61
3	57
3	62
3	61
3	58
3	59
3	60
4	5
4	58
5	55
6	60
6	63
6	7
7	61
7	62
7	63
7	8
8	63
8	108
9	160
9	109
9	37
10	64
10	65
10	66
10	67
10	68
11	64
11	70
11	69
12	69
12	77
12	93
13	75
13	76
14	72
14	93
14	102
15	104
15	95
15	94
16	84
16	78
16	79
16	94
16	95
16	80
17	80
17	95
17	101
17	100
18	98
18	88
19	88
19	98
19	97
19	116
20	111
20	110
20	21
21	114
21	110
21	115
21	122
21	42
22	145
22	143
23	24
23	136
23	135
23	133
23	134
24	136
24	135
24	137
24	138
25	156
25	157
26	154
26	153
26	27
26	150
26	149
26	148
27	149
27	150
27	153
27	154
28	99
28	97
28	92
28	200
29	174
29	177
30	175
30	176
31	103
31	45
32	150
32	125
32	151
32	126
32	127
33	171
33	169
33	168
33	170
33	36
34	147
34	120
34	125
35	37
36	117
36	115
36	194
37	107
37	106
37	109
38	194
39	160
40	152
40	127
40	41
40	188
41	188
41	190
42	43
42	122
43	119
43	123
44	85
44	84
45	103
45	105
46	50
46	123
46	124
46	175
46	179
47	195
47	199
47	198
47	196
48	197
48	168
49	171
49	173
49	174
50	175
50	123
51	52
51	162
52	53
53	54
53	55
54	56
55	56
56	57
57	61
57	62
58	59
59	60
59	112
60	61
61	62
61	63
63	108
63	160
64	108
64	65
65	70
65	66
66	67
66	70
66	77
66	71
66	72
66	69
67	71
67	68
68	73
68	75
68	74
69	77
69	70
69	93
71	72
71	73
72	74
72	73
73	74
74	78
74	79
75	76
76	78
77	93
78	106
78	110
78	84
78	79
79	84
79	94
79	80
80	81
80	94
80	95
81	82
82	83
83	89
83	92
84	106
84	110
85	89
85	86
86	87
86	90
87	98
87	116
88	114
90	91
90	96
91	92
91	97
94	95
95	101
96	97
96	99
99	116
100 101
100 167
100 166
100 197
101 166
101 167
101 165
102 104
102 103
102 105
103 104
103 105
104 105
106 107
106 110
106 111
106 109
107 110
107 111
107 112
107 113
108 109
108 160
109 160
110 111
110 114
111 112
111 113
112 113
113 128
114 115
115 122
115 194
115 117
116 117
117 194
117 170
118 123
118 120
118 129
118 146
118 147
118 121
119 194
119 123
119 124
119 121
120 147
120 146
120 121
120 123
121 123
121 124
121 126
122 194
122 123
123 124
124 127
125 148
125 149
125 150
125 126
126 127
126 151
126 152
127 151
127 152
127 188
128 129
128 130
128 131
129 130
129 131
130 131
130 134
130 132
131 132
131 146
132 133
132 134
133 134
133 135
134 135
135 136
136 137
136 138
137 138
137 140
137 139
138 139
138 140
139 140
139 141
139 142
140 141
140 142
141 142
142 144
143 144
144 145
146 147
147 148
148 149
149 150
151 152
153 154
153 158
153 159
154 155
154 158
154 159
155 156
155 157
156 157
156 159
158 159
161 162
162 163
163 164
164 165
166 167
167 197
168 169
168 172
168 171
169 170
169 171
169 172
170 171
170 195
171 172
172 174
173 174
173 178
173 177
173 176
174 177
174 178
175 179
175 176
176 180
177 178
178 180
179 180
179 182
180 183
181 182
181 183
181 185
181 184
182 186
183 187
184 187
184 191
185 189
185 186
188 189
188 190
189 190
190 193
191 192
192 193
195 200
195 199
196 197
197 198
198 199
199 200